##FastQC	0.11.8
>>Basic Statistics	pass
#Measure	Value
Filename	IP2_input.fq.gz
File type	Conventional base calls
Encoding	Illumina 1.5
Total Sequences	52044584
Sequences flagged as poor quality	0
Sequence length	50
%GC	41
>>END_MODULE
>>Per base sequence quality	pass
#Base	Mean	Median	Lower Quartile	Upper Quartile	10th Percentile	90th Percentile
1	34.47310115880646	37.0	36.0	37.0	29.0	37.0
2	35.63427009042862	37.0	36.0	37.0	34.0	38.0
3	35.6634408106711	37.0	36.0	37.0	34.0	38.0
4	35.75492137664123	37.0	36.0	37.0	34.0	38.0
5	35.7915767950033	37.0	36.0	37.0	34.0	38.0
6	35.79354629868883	37.0	36.0	37.0	34.0	38.0
7	35.80061462303167	37.0	36.0	37.0	34.0	38.0
8	35.769546375853444	37.0	36.0	37.0	34.0	38.0
9	35.75393182122466	37.0	36.0	37.0	34.0	38.0
10	35.730489151378364	37.0	36.0	37.0	34.0	38.0
11	35.761710805489386	37.0	36.0	37.0	34.0	38.0
12	35.75537942622425	37.0	36.0	37.0	34.0	38.0
13	35.77103431165863	37.0	36.0	37.0	34.0	38.0
14	35.72372881297312	37.0	36.0	37.0	34.0	38.0
15	35.710839806117	37.0	36.0	37.0	34.0	38.0
16	35.7185893348672	37.0	36.0	37.0	34.0	38.0
17	35.76537925636988	37.0	36.0	37.0	34.0	38.0
18	35.77637471364936	37.0	36.0	37.0	34.0	38.0
19	35.77876189768372	37.0	36.0	37.0	34.0	38.0
20	35.763318907496696	37.0	36.0	37.0	34.0	38.0
21	35.77218173172448	37.0	36.0	37.0	34.0	38.0
22	35.764013446624915	37.0	36.0	37.0	34.0	38.0
23	35.77446976999566	37.0	36.0	37.0	34.0	38.0
24	35.78232651451302	37.0	36.0	37.0	34.0	38.0
25	35.785704867964746	37.0	36.0	37.0	34.0	38.0
26	35.77414837248003	37.0	36.0	37.0	34.0	38.0
27	35.771842926057396	37.0	36.0	37.0	34.0	38.0
28	35.78925795621692	37.0	36.0	37.0	34.0	38.0
29	35.78500450690508	37.0	36.0	37.0	34.0	38.0
30	35.771960901829864	37.0	36.0	37.0	34.0	38.0
31	35.74446568734222	37.0	36.0	37.0	34.0	38.0
32	35.76409464623639	37.0	36.0	37.0	34.0	38.0
33	35.76926665414407	37.0	36.0	37.0	34.0	38.0
34	35.77613636031753	37.0	36.0	37.0	34.0	38.0
35	35.76784160672703	37.0	36.0	37.0	34.0	38.0
36	35.77237247203283	37.0	36.0	37.0	34.0	38.0
37	35.757607880966056	37.0	36.0	37.0	34.0	38.0
38	35.68801856500573	37.0	36.0	37.0	34.0	38.0
39	35.689093566393	37.0	36.0	37.0	34.0	38.0
40	35.68835681345825	37.0	36.0	37.0	34.0	38.0
41	35.78290446129803	37.0	36.0	37.0	34.0	38.0
42	35.77967853485004	37.0	36.0	37.0	34.0	38.0
43	35.77008349226117	37.0	36.0	37.0	34.0	38.0
44	35.765403965953496	37.0	36.0	37.0	34.0	38.0
45	35.777261549443836	37.0	36.0	37.0	34.0	38.0
46	35.76502500240947	37.0	36.0	37.0	34.0	38.0
47	35.758705824221785	37.0	36.0	37.0	34.0	38.0
48	35.76095412733052	37.0	36.0	37.0	34.0	38.0
49	35.764351771934614	37.0	36.0	37.0	34.0	38.0
50	35.76778530884213	37.0	36.0	37.0	34.0	38.0
>>END_MODULE
>>Per sequence quality scores	pass
#Quality	Count
22	1.0
23	71.0
24	1796.0
25	18841.0
26	100575.0
27	325490.0
28	673287.0
29	960001.0
30	1153319.0
31	1371608.0
32	1699299.0
33	2239484.0
34	3254243.0
35	5488694.0
36	1.8469713E7
37	1.6286713E7
38	1449.0
>>END_MODULE
>>Per base sequence content	fail
#Base	G	A	T	C
1	2.3013572305792445	54.35409887524054	39.389887060587334	3.9546568335928836
2	44.81519225080166	23.678245235051428	15.72372310030958	15.78283941383733
3	26.877776083502624	26.7819062839709	23.064800029759123	23.275517602767355
4	23.25060754245534	28.106264654883585	23.099673277744888	25.543454524916182
5	20.56698680343468	29.273120303312584	26.397951507946267	23.76194138530647
6	20.44436400906539	29.288058445478786	28.01720849136544	22.25036905409038
7	20.73286959487759	29.22731260742956	28.504549351031187	21.535268446661654
8	20.481178005810982	28.619311161501688	29.324787324094263	21.57472350859307
9	20.776122258864874	28.642797348560233	29.616547000144543	20.964533392430347
10	21.15195718876657	28.82435255983386	28.840381172714437	21.183309078685134
11	21.065022343959367	29.398759916020843	28.490825638703598	21.04539210131619
12	21.257869770483797	28.930389094837405	28.221367838994745	21.59037329568406
13	21.03036907511266	29.55492270036702	28.401341888695175	21.01336633582514
14	21.370353495554074	29.272003432587713	27.9879455460472	21.369697525811016
15	20.87328352810634	29.72470314097183	28.67355100218909	20.728462328732736
16	21.25464259646568	29.468184999835817	28.784064423069577	20.493107980628928
17	20.960759982760155	29.50209636747933	29.126070436310247	20.41107321345027
18	20.82577306234673	29.555910580516027	28.967289768200665	20.65102658893658
19	20.621686791898515	29.561728239093693	28.95534372629134	20.861241242716456
20	20.987686819258744	29.31479055426241	28.33276273248494	21.364759893993902
21	20.87287036128094	29.459929986544033	28.628354233401538	21.03884541877349
22	21.273794176613496	29.19057710582712	28.452234836753938	21.083393880805453
23	21.041682558500362	29.36791460393067	28.53437487690834	21.056027960660625
24	20.97052742144148	29.219059203262926	28.617770464982623	21.192642910312966
25	20.874652581298136	29.583429965289355	28.71223980224634	20.829677651166165
26	20.824171709990804	29.680516168621175	28.862146027490336	20.633166093897685
27	20.527984936291027	29.958237896672873	28.967536718011583	20.54624044902451
28	20.4457354752549	29.863110533486264	29.01724858964566	20.673905401613176
29	20.56128535896645	29.82074220538357	29.124842156842455	20.49313027880752
30	20.912445113153474	29.763231432503385	28.86492117108569	20.459402283257454
31	20.83145713769201	29.734741568899985	28.816712339471046	20.617088953936957
32	21.035563479583537	29.62900078936002	28.513778728404905	20.821657002651538
33	20.899091172938263	29.597887809781447	28.55129417477006	20.95172684251023
34	20.773043302759007	29.762538376747177	28.70203319710642	20.7623851233874
35	20.955931829785513	29.744160714009855	28.52717829348811	20.772729162716523
36	20.80577242956224	29.638847493263356	28.89587066105336	20.65950941612104
37	20.66956562960153	29.70213056885453	28.979321614542027	20.64898218700192
38	20.678590653457746	29.877233696336848	28.987373146394297	20.456802503811115
39	20.45685702790233	29.995522837256626	28.992761255792633	20.55485887904841
40	20.609038770065034	30.051925722933916	28.79321462955056	20.54582087745048
41	20.667965688454967	30.038144434288565	28.75796749268748	20.535922384568988
42	20.97074147625055	29.539665708551173	28.64993524967448	20.839657565523797
43	20.909607582451528	29.614733256953805	28.763052271031125	20.71260688956354
44	21.095720924786413	29.442200541755685	28.845232482137927	20.616846051319975
45	21.053360711950624	29.57376789881461	28.77719393562141	20.595677453613355
46	20.9956506085309	29.700486056918727	28.844891687159695	20.45897164739067
47	20.984138290077254	29.875474869926254	28.683991002702207	20.456395837294288
48	20.82302332678631	29.981819597739268	28.764328866777728	20.4308282086967
49	20.63506507787481	30.26580160940371	28.526543624894185	20.572589687827296
50	20.79409446779455	30.13731828815378	28.594563174490258	20.474024069561413
>>END_MODULE
>>Per sequence GC content	pass
#GC Content	Count
0	264.0
1	553.0
2	842.0
3	1404.0
4	1966.0
5	3156.5
6	4347.0
7	6674.0
8	9001.0
9	13506.5
10	18012.0
11	27173.5
12	36335.0
13	53857.5
14	71380.0
15	102689.0
16	133998.0
17	185343.0
18	236688.0
19	314002.0
20	391316.0
21	499901.5
22	608487.0
23	750816.0
24	893145.0
25	1068769.0
26	1244393.0
27	1452609.0
28	1660825.0
29	1900783.5
30	2140742.0
31	2400603.0
32	2660464.0
33	2940854.0
34	3221244.0
35	3459143.0
36	3697042.0
37	3804625.5
38	3912209.0
39	3932090.5
40	3951972.0
41	3911641.5
42	3871311.0
43	3824763.5
44	3778216.0
45	3699306.5
46	3620397.0
47	3485561.5
48	3350726.0
49	3184719.0
50	3018712.0
51	2797622.5
52	2576533.0
53	2335096.5
54	2093660.0
55	1842396.0
56	1591132.0
57	1370535.5
58	1149939.0
59	970027.0
60	790115.0
61	650813.5
62	511512.0
63	412204.0
64	312896.0
65	249560.0
66	186224.0
67	146835.5
68	107447.0
69	85440.0
70	63433.0
71	51566.0
72	39699.0
73	33302.0
74	26905.0
75	22579.0
76	18253.0
77	15794.5
78	13336.0
79	11660.5
80	9985.0
81	8514.0
82	7043.0
83	5973.0
84	4903.0
85	4016.0
86	3129.0
87	2576.0
88	2023.0
89	1618.5
90	1214.0
91	952.5
92	691.0
93	491.0
94	291.0
95	214.0
96	137.0
97	90.5
98	44.0
99	25.0
100	6.0
>>END_MODULE
>>Per base N content	pass
#Base	N-Count
1	0.00382364474274595
2	0.0027284299169342964
3	7.685718075871258E-5
4	1.4026435488465045E-4
5	1.0952148258116541E-4
6	8.646432835355164E-5
7	3.458573134142066E-5
8	3.6507160860388474E-5
9	0.024261890536006588
10	0.024273419113120396
11	0.024256126247449685
12	4.4192878936259725E-5
13	5.572145605006662E-5
14	0.11620613587765444
15	0.11621190016621134
16	0.11619460730054063
17	6.72500331638735E-5
18	8.262146931561601E-5
19	9.41500464294229E-5
20	5.764288556903443E-5
21	3.2664301822452845E-5
22	4.227144941729191E-5
23	6.532860364490569E-5
24	7.109289220180913E-5
25	6.532860364490569E-5
26	7.877861027768038E-5
27	5.956431508800225E-5
28	7.493575123974476E-5
29	7.877861027768038E-5
30	0.01664918678185611
31	0.017056529839877287
32	0.016829801156639086
33	5.572145605006662E-5
34	9.222861691045508E-5
35	6.917146268284132E-5
36	0.005224366862073487
37	0.005293538324756328
38	0.2371332240834128
39	0.23263707900902808
40	0.23247952178847273
41	5.649002785765374E-4
42	1.1144291210013324E-4
43	1.86378663339878E-4
44	1.748500862260711E-4
45	1.460286434415539E-4
46	1.191286301760045E-4
47	1.325786368087792E-4
48	1.5563579103639293E-4
49	1.748500862260711E-4
50	1.8445723382091016E-4
>>END_MODULE
>>Sequence Length Distribution	pass
#Length	Count
50	5.2044584E7
>>END_MODULE
>>Sequence Duplication Levels	pass
#Total Deduplicated Percentage	91.76039883582206
#Duplication Level	Percentage of deduplicated	Percentage of total
1	96.71612800756927	88.74710479830976
2	2.687436320378678	4.932004572076431
3	0.26026386445987604	0.7164574801617167
4	0.09309344097095724	0.3416916508997638
5	0.047458860434197364	0.21774219808677825
6	0.033079996936197245	0.18212602274119385
7	0.02295364101512606	0.14743646779975755
8	0.018066403881421018	0.13262243405505889
9	0.013899123228790392	0.11478501818478408
>10	0.08947542622917488	1.6367306568588935
>50	0.010495409917491365	0.6669254477733565
>100	0.0068321209918184665	1.2267536960838652
>500	5.172218888433516E-4	0.31753817432844206
>1k	2.812496150093513E-4	0.500987426650854
>5k	1.891248322337425E-5	0.11909395598935571
>10k+	0.0	0.0
>>END_MODULE
>>Overrepresented sequences	pass
>>END_MODULE
>>Adapter Content	pass
#Position	Illumina Universal Adapter	Illumina Small RNA 3' Adapter	Illumina Small RNA 5' Adapter	Nextera Transposase Sequence	SOLID Small RNA Adapter
1	7.685718075871258E-6	7.685718075871258E-6	0.0	0.0	0.0
2	1.34500066327747E-5	9.60714759483907E-6	0.0	7.685718075871258E-6	1.9214295189678144E-6
3	1.7292865670710326E-5	9.60714759483907E-6	0.0	2.1135724708645955E-5	1.9214295189678144E-6
4	1.7292865670710326E-5	1.34500066327747E-5	0.0	2.8821442784517213E-5	1.9214295189678144E-6
5	1.7292865670710326E-5	1.7292865670710326E-5	0.0	4.4192878936259725E-5	5.764288556903442E-6
6	1.921429518967814E-5	1.7292865670710326E-5	0.0	5.956431508800224E-5	5.764288556903442E-6
7	2.1135724708645955E-5	2.1135724708645955E-5	0.0	7.109289220180913E-5	5.764288556903442E-6
8	2.305715422761377E-5	2.305715422761377E-5	0.0	7.877861027768038E-5	5.764288556903442E-6
9	2.69000132655494E-5	2.305715422761377E-5	0.0	9.222861691045508E-5	5.764288556903442E-6
10	2.69000132655494E-5	2.4978583746581584E-5	0.0	9.799290546735853E-5	7.685718075871258E-6
11	2.69000132655494E-5	2.69000132655494E-5	0.0	1.0952148258116541E-4	7.685718075871258E-6
12	3.074287230348503E-5	2.8821442784517213E-5	0.0	1.1144291210013322E-4	7.685718075871258E-6
13	3.458573134142065E-5	3.458573134142065E-5	0.0	1.2681434825187574E-4	7.685718075871258E-6
14	3.458573134142065E-5	3.458573134142065E-5	0.0	1.4218578440361825E-4	7.685718075871258E-6
15	3.458573134142065E-5	4.0350019898324096E-5	0.0	1.5563579103639296E-4	7.685718075871258E-6
16	3.650716086038847E-5	4.4192878936259725E-5	0.0	1.7100722718813548E-4	7.685718075871258E-6
17	3.842859037935628E-5	4.4192878936259725E-5	0.0	1.8061437478297454E-4	7.685718075871258E-6
18	4.227144941729191E-5	4.8035737974195354E-5	0.0	1.8253580430194235E-4	7.685718075871258E-6
19	4.227144941729191E-5	4.995716749316317E-5	0.0	1.9214295189678141E-4	7.685718075871258E-6
20	4.8035737974195354E-5	5.38000265310988E-5	1.9214295189678144E-6	2.0751438804852393E-4	1.1528577113806885E-5
21	4.8035737974195354E-5	5.38000265310988E-5	1.9214295189678144E-6	2.1904296516233083E-4	1.1528577113806885E-5
22	4.8035737974195354E-5	5.38000265310988E-5	1.9214295189678144E-6	2.286501127571699E-4	1.1528577113806885E-5
23	5.38000265310988E-5	5.38000265310988E-5	1.9214295189678144E-6	2.421001193899446E-4	1.1528577113806885E-5
24	5.572145605006661E-5	5.38000265310988E-5	1.9214295189678144E-6	2.536286965037515E-4	1.1528577113806885E-5
25	5.572145605006661E-5	5.38000265310988E-5	1.9214295189678144E-6	2.747644212123974E-4	1.1528577113806885E-5
26	5.7642885569034426E-5	5.38000265310988E-5	3.842859037935629E-6	2.9013585736413993E-4	1.1528577113806885E-5
27	5.956431508800224E-5	5.572145605006661E-5	3.842859037935629E-6	3.0166443447794683E-4	1.1528577113806885E-5
28	5.956431508800224E-5	5.7642885569034426E-5	3.842859037935629E-6	3.1895730014865715E-4	1.1528577113806885E-5
29	5.956431508800224E-5	5.956431508800224E-5	3.842859037935629E-6	3.3432873630039967E-4	1.1528577113806885E-5
30	5.956431508800224E-5	6.340717412593787E-5	3.842859037935629E-6	3.497001724521422E-4	1.5371436151742515E-5
31	6.340717412593787E-5	6.532860364490568E-5	3.842859037935629E-6	3.593073200469813E-4	1.5371436151742515E-5
32	6.532860364490568E-5	6.72500331638735E-5	3.842859037935629E-6	3.650716086038847E-4	1.7292865670710326E-5
33	6.532860364490568E-5	6.91714626828413E-5	3.842859037935629E-6	3.766001857176916E-4	1.921429518967814E-5
34	6.91714626828413E-5	7.493575123974476E-5	3.842859037935629E-6	3.8620733331253064E-4	2.1135724708645955E-5
35	6.91714626828413E-5	7.877861027768038E-5	3.842859037935629E-6	3.9581448090736973E-4	2.305715422761377E-5
36	6.91714626828413E-5	7.877861027768038E-5	3.842859037935629E-6	4.1695020561601567E-4	2.305715422761377E-5
37	6.91714626828413E-5	7.877861027768038E-5	3.842859037935629E-6	4.2463592369188695E-4	2.305715422761377E-5
38	6.91714626828413E-5	8.070003979664819E-5	3.842859037935629E-6	4.3808593032466166E-4	2.305715422761377E-5
39	7.685718075871256E-5	8.646432835355164E-5	5.764288556903442E-6	4.457716484005329E-4	2.4978583746581584E-5
>>END_MODULE
