##FastQC	0.11.8
>>Basic Statistics	pass
#Measure	Value
Filename	IP1_input.fq.gz
File type	Conventional base calls
Encoding	Illumina 1.5
Total Sequences	52092844
Sequences flagged as poor quality	0
Sequence length	50
%GC	41
>>END_MODULE
>>Per base sequence quality	pass
#Base	Mean	Median	Lower Quartile	Upper Quartile	10th Percentile	90th Percentile
1	34.41390882786127	37.0	36.0	37.0	29.0	37.0
2	35.63748277978449	37.0	36.0	37.0	34.0	38.0
3	35.66374776927134	37.0	36.0	37.0	34.0	38.0
4	35.73788324937682	37.0	36.0	37.0	34.0	38.0
5	35.763906842943726	37.0	36.0	37.0	34.0	38.0
6	35.763290232339784	37.0	36.0	37.0	34.0	38.0
7	35.76888343819355	37.0	36.0	37.0	34.0	38.0
8	35.73626934248397	37.0	36.0	37.0	34.0	38.0
9	35.71814700690943	37.0	36.0	37.0	34.0	38.0
10	35.70018916609736	37.0	36.0	37.0	34.0	38.0
11	35.727617347979695	37.0	36.0	37.0	34.0	38.0
12	35.718597241494436	37.0	36.0	37.0	34.0	38.0
13	35.73436393682019	37.0	36.0	37.0	34.0	38.0
14	35.687276010501556	37.0	36.0	37.0	34.0	38.0
15	35.674029162239634	37.0	36.0	37.0	34.0	38.0
16	35.67993697944386	37.0	36.0	37.0	34.0	38.0
17	35.726780668761336	37.0	36.0	37.0	34.0	38.0
18	35.735275347992136	37.0	36.0	37.0	34.0	38.0
19	35.74016106703639	37.0	36.0	37.0	34.0	38.0
20	35.72511907777583	37.0	36.0	37.0	34.0	38.0
21	35.73217165874069	37.0	36.0	37.0	34.0	38.0
22	35.72350897178891	37.0	36.0	37.0	34.0	38.0
23	35.733153501851426	37.0	36.0	37.0	34.0	38.0
24	35.73840084446148	37.0	36.0	37.0	34.0	38.0
25	35.74358595203594	37.0	36.0	37.0	34.0	38.0
26	35.72975645176908	37.0	36.0	37.0	34.0	38.0
27	35.72600524555734	37.0	36.0	37.0	34.0	38.0
28	35.742711340544204	37.0	36.0	37.0	34.0	38.0
29	35.732903966617755	37.0	36.0	37.0	34.0	38.0
30	35.71977648215943	37.0	36.0	37.0	34.0	38.0
31	35.67118671808358	37.0	36.0	37.0	34.0	38.0
32	35.71528164213879	37.0	36.0	37.0	34.0	38.0
33	35.72115081679933	37.0	36.0	37.0	34.0	38.0
34	35.72597021195464	37.0	36.0	37.0	34.0	38.0
35	35.71619222786147	37.0	36.0	37.0	34.0	38.0
36	35.715808470737365	37.0	36.0	37.0	34.0	38.0
37	35.701889054089655	37.0	36.0	37.0	34.0	38.0
38	35.63269427178904	37.0	36.0	37.0	34.0	38.0
39	35.63199862921671	37.0	36.0	37.0	34.0	38.0
40	35.629362950504294	37.0	36.0	37.0	34.0	38.0
41	35.72404267273255	37.0	36.0	37.0	34.0	38.0
42	35.71937333657575	37.0	36.0	37.0	34.0	38.0
43	35.70705250801819	37.0	36.0	37.0	34.0	38.0
44	35.70182918022291	37.0	36.0	37.0	34.0	38.0
45	35.71349878689672	37.0	36.0	37.0	34.0	38.0
46	35.70141586049708	37.0	36.0	37.0	34.0	38.0
47	35.696859822051564	37.0	36.0	37.0	34.0	38.0
48	35.69520210875797	37.0	36.0	37.0	34.0	38.0
49	35.69752430871311	37.0	36.0	37.0	34.0	38.0
50	35.69933127475244	37.0	36.0	37.0	34.0	38.0
>>END_MODULE
>>Per sequence quality scores	pass
#Quality	Count
23	80.0
24	1872.0
25	19504.0
26	103887.0
27	331889.0
28	678590.0
29	970483.0
30	1170704.0
31	1401812.0
32	1754789.0
33	2330541.0
34	3406967.0
35	5763255.0
36	1.8791768E7
37	1.5366E7
38	703.0
>>END_MODULE
>>Per base sequence content	fail
#Base	G	A	T	C
1	2.426034162562626	53.22103229467543	40.35898949030292	3.993944052459027
2	43.70546809386716	23.780270398729403	15.695209288020685	16.819052219382748
3	26.902453895127532	26.922276207276425	22.943270504512782	23.231999393083264
4	23.49897218979771	27.816805892270423	23.105526179448752	25.578695738483116
5	20.74667060015994	29.29594085723598	26.215027386607787	23.74236115599629
6	20.69967859668295	29.401147229471462	27.726311296278084	22.172862877567503
7	20.896427832568964	29.291629728599677	28.350442566689654	21.461499872141708
8	20.763239939078744	28.815804727327198	28.976719420770834	21.444235912823224
9	20.99114582296342	28.781964918482583	29.26905515054889	20.957834108005105
10	21.25693368427047	28.932526443644203	28.68552057145159	21.12501930063374
11	21.19788499993885	29.419841850575324	28.363249972193838	21.019023177291988
12	21.371578933789422	29.01218409660417	28.119658093406493	21.496578876199916
13	21.143800623579217	29.575210172918265	28.301721811182425	20.979267392320093
14	21.46837703521384	29.355928893901073	27.896795951356467	21.278898119528616
15	20.98978278017886	29.842680356122393	28.52211475992219	20.645422103776557
16	21.363420190540587	29.576552424645346	28.635224905751556	20.42480247906251
17	21.106305627407025	29.623509213422615	28.89948787934272	20.370697279827642
18	20.960922467631708	29.650711025351335	28.787180907426013	20.601185599590945
19	20.76277719761656	29.640453191227962	28.788928604336878	20.8078410068186
20	21.108268321149946	29.40250860003686	28.205533202285153	21.28368987652804
21	21.026071893771427	29.50436415380382	28.48251280474412	20.98705114768063
22	21.36717783200707	29.24617661646478	28.355842426512734	21.030803125015417
23	21.188927813653176	29.439743506977095	28.36743219087029	21.00389648849944
24	21.07954812024296	29.322029479853605	28.46166291400446	21.13675948589897
25	20.986690134534555	29.719102383232016	28.561915326935466	20.732292155297966
26	20.967694563430864	29.79251827220586	28.68220317671662	20.55758398764666
27	20.68628333643997	30.103849344160427	28.76625105556875	20.443616263830855
28	20.618587692516076	29.93243095897029	28.85424532438192	20.594736024131706
29	20.770816992297206	29.886431478604138	28.921088488654284	20.421663040444376
30	21.06178766942504	29.876379115158123	28.682021887191638	20.37981132822519
31	21.013304704020566	29.815426264516788	28.59141139050532	20.57985764095733
32	21.171913812627118	29.740598428119114	28.335375449865847	20.752112309387922
33	21.062752384960433	29.70696925388508	28.35879811627685	20.871480244877635
34	20.946819335843315	29.851368235990073	28.51563195873946	20.686180469427157
35	21.12134360283168	29.88471433898463	28.33709857077109	20.6568434874126
36	20.968493671110632	29.81299589700986	28.674734260217292	20.54377617166222
37	20.832088514701898	29.905215616794262	28.745335517955233	20.517360350548604
38	20.842162210033617	30.06949823088257	28.771715659310814	20.316623899772996
39	20.669475117181417	30.122027766873526	28.795025181519428	20.413471934425626
40	20.814671011418636	30.162944361965444	28.6040220178775	20.41836260873842
41	20.891766501780676	30.125294283867028	28.555889747019535	20.427049467332765
42	21.1872647945703	29.672480398427727	28.43848166232697	20.701773144675
43	21.11911636642384	29.741445273624013	28.545474028196338	20.593964331755814
44	21.262060778126756	29.618387567046074	28.590622094783647	20.528929560043522
45	21.236121990476413	29.736816568829965	28.551377250060973	20.475684190632652
46	21.165309098262405	29.859853299030686	28.613732220157768	20.361105382549145
47	21.15181051036449	30.046065893597135	28.4537796703842	20.348343925654174
48	21.000107270160246	30.12702030907474	28.556706485114674	20.316165935650343
49	20.884365831384024	30.379004877949896	28.32781875018165	20.408810540484435
50	21.035737423698368	30.23528471586617	28.364460404180164	20.364517456255292
>>END_MODULE
>>Per sequence GC content	pass
#GC Content	Count
0	261.0
1	524.0
2	787.0
3	1297.0
4	1807.0
5	2802.0
6	3797.0
7	5917.5
8	8038.0
9	12285.5
10	16533.0
11	25203.5
12	33874.0
13	50075.0
14	66276.0
15	95404.5
16	124533.0
17	173433.5
18	222334.0
19	296007.0
20	369680.0
21	474160.5
22	578641.0
23	717504.5
24	856368.0
25	1030361.5
26	1204355.0
27	1411858.0
28	1619361.0
29	1861965.5
30	2104570.0
31	2366940.5
32	2629311.0
33	2911403.5
34	3193496.0
35	3439267.0
36	3685038.0
37	3811671.5
38	3938305.0
39	3978315.0
40	4018325.0
41	3988469.0
42	3958613.0
43	3910663.0
44	3862713.0
45	3774488.5
46	3686264.0
47	3543840.0
48	3401416.0
49	3225185.5
50	3048955.0
51	2823611.0
52	2598267.0
53	2348658.5
54	2099050.0
55	1843350.0
56	1587650.0
57	1363884.5
58	1140119.0
59	957537.5
60	774956.0
61	636811.0
62	498666.0
63	400884.0
64	303102.0
65	240916.0
66	178730.0
67	140355.0
68	101980.0
69	80789.5
70	59599.0
71	48052.0
72	36505.0
73	30580.5
74	24656.0
75	20773.5
76	16891.0
77	14479.0
78	12067.0
79	10447.0
80	8827.0
81	7663.5
82	6500.0
83	5477.5
84	4455.0
85	3672.0
86	2889.0
87	2383.5
88	1878.0
89	1554.0
90	1230.0
91	936.5
92	643.0
93	487.0
94	331.0
95	237.0
96	143.0
97	96.0
98	49.0
99	29.5
100	10.0
>>END_MODULE
>>Per base N content	pass
#Base	N-Count
1	0.0036550125771593507
2	0.0026894288973740806
3	5.950913334660707E-5
4	1.055807204536577E-4
5	9.022352475130749E-5
6	7.678597851175106E-5
7	3.26340408674942E-5
8	4.799123656984441E-5
9	0.017401622380225586
10	0.017395863431837202
11	0.017397783081299995
12	3.839298925587553E-5
13	4.607158710705064E-5
14	0.11443798307498819
15	0.11442838482767421
16	0.11446101886854172
17	8.062527743733861E-5
18	8.830387528851372E-5
19	8.446457636292616E-5
20	8.446457636292616E-5
21	8.062527743733861E-5
22	8.638422582571995E-5
23	8.254492690013239E-5
24	9.214317421410128E-5
25	1.0750036991645149E-4
26	1.228575656188017E-4
27	1.4205406024673945E-4
28	9.982177206527638E-5
29	1.228575656188017E-4
30	0.026141786384325648
31	0.02652955557580999
32	0.026312635186514294
33	9.79021226024826E-5
34	1.4589335917232702E-4
35	1.3245581293277057E-4
36	0.013299331478235282
37	0.01332812622017719
38	0.2483316134553913
39	0.23570799858805944
40	0.2355640248783499
41	5.451804474334325E-4
42	1.6125055487467723E-4
43	2.3035793553525318E-4
44	2.361168839236345E-4
45	1.708488021886461E-4
46	1.4013441078394566E-4
47	1.4205406024673945E-4
48	1.382147613211519E-4
49	1.1133966884203903E-4
50	1.63170204337471E-4
>>END_MODULE
>>Sequence Length Distribution	pass
#Length	Count
50	5.2092844E7
>>END_MODULE
>>Sequence Duplication Levels	pass
#Total Deduplicated Percentage	91.86042991969595
#Duplication Level	Percentage of deduplicated	Percentage of total
1	96.5538962082709	88.69482416113466
2	2.8464645404426197	5.229549128724576
3	0.27073792225591947	0.7461030580198194
4	0.09093527662548329	0.33413414422733495
5	0.046595515537155505	0.2140142044786489
6	0.034528698160510844	0.19030926345551644
7	0.02217983798607841	0.14262146170652562
8	0.01698097197084638	0.12479035085570041
9	0.014504516798017586	0.11991520339590123
>10	0.08601055191549563	1.5476362299112378
>50	0.009154801266726532	0.5895852492044453
>100	0.007271020948234217	1.2663155182972656
>500	4.7894285628394186E-4	0.2953853289303965
>1k	2.4648429542279044E-4	0.4216964814774434
>5k	1.471067034572581E-5	0.08312021618048933
>10k+	0.0	0.0
>>END_MODULE
>>Overrepresented sequences	pass
>>END_MODULE
>>Adapter Content	pass
#Position	Illumina Universal Adapter	Illumina Small RNA 3' Adapter	Illumina Small RNA 5' Adapter	Nextera Transposase Sequence	SOLID Small RNA Adapter
1	1.1517896776762658E-5	3.839298925587553E-6	0.0	1.9196494627937765E-6	0.0
2	1.1517896776762658E-5	7.678597851175106E-6	0.0	5.758948388381329E-6	0.0
3	1.1517896776762658E-5	7.678597851175106E-6	0.0	1.1517896776762658E-5	1.9196494627937765E-6
4	1.3437546239556436E-5	7.678597851175106E-6	0.0	3.071439140470042E-5	1.9196494627937765E-6
5	1.3437546239556436E-5	1.1517896776762658E-5	0.0	4.607158710705063E-5	1.9196494627937765E-6
6	1.9196494627937764E-5	1.1517896776762658E-5	0.0	6.334843227219462E-5	1.9196494627937765E-6
7	2.3035793553525316E-5	1.1517896776762658E-5	0.0	7.294667958616351E-5	1.9196494627937765E-6
8	2.3035793553525316E-5	1.1517896776762658E-5	0.0	8.638422582571995E-5	1.9196494627937765E-6
9	2.4955443016319095E-5	1.535719570235021E-5	0.0	9.598247313968882E-5	1.9196494627937765E-6
10	2.4955443016319095E-5	1.7276845165143988E-5	0.0	1.0174142152807015E-4	3.839298925587553E-6
11	2.4955443016319095E-5	1.9196494627937764E-5	0.0	1.132593183048328E-4	3.839298925587553E-6
12	2.8794741941906647E-5	2.111614409073154E-5	0.0	1.228575656188017E-4	3.839298925587553E-6
13	3.4553690330287975E-5	2.4955443016319095E-5	0.0	1.3053616346997678E-4	5.758948388381329E-6
14	3.6473339793081755E-5	2.4955443016319095E-5	0.0	1.401344107839457E-4	5.758948388381329E-6
15	3.839298925587553E-5	2.687509247911287E-5	0.0	1.4781300863512078E-4	7.678597851175106E-6
16	4.223228818146308E-5	2.687509247911287E-5	0.0	1.6125055487467723E-4	7.678597851175106E-6
17	4.223228818146308E-5	2.8794741941906647E-5	0.0	1.7660775057702744E-4	7.678597851175106E-6
18	4.607158710705063E-5	3.071439140470042E-5	0.0	1.9004529681658386E-4	7.678597851175106E-6
19	5.183053549543196E-5	3.2634040867494196E-5	0.0	1.9388459574217143E-4	7.678597851175106E-6
20	5.5669834421019515E-5	3.4553690330287975E-5	0.0	2.034828430561403E-4	7.678597851175106E-6
21	5.7589483883813295E-5	3.4553690330287975E-5	0.0	2.1500073983290297E-4	7.678597851175106E-6
22	5.950913334660707E-5	3.4553690330287975E-5	0.0	2.284382860724594E-4	7.678597851175106E-6
23	6.142878280940085E-5	3.839298925587553E-5	0.0	2.476347807003972E-4	7.678597851175106E-6
24	6.526808173498839E-5	3.839298925587553E-5	0.0	2.6107232693995357E-4	7.678597851175106E-6
25	6.526808173498839E-5	3.839298925587553E-5	0.0	2.8218847103068516E-4	7.678597851175106E-6
26	6.718773119778218E-5	4.031263871866931E-5	0.0	2.9562601727024156E-4	7.678597851175106E-6
27	6.718773119778218E-5	4.223228818146308E-5	0.0	3.033046151214167E-4	7.678597851175106E-6
28	7.102703012336972E-5	4.607158710705063E-5	1.9196494627937765E-6	3.2442075921214824E-4	7.678597851175106E-6
29	7.102703012336972E-5	4.607158710705063E-5	1.9196494627937765E-6	3.397779549144984E-4	7.678597851175106E-6
30	7.102703012336972E-5	4.607158710705063E-5	3.839298925587553E-6	3.512958516912611E-4	7.678597851175106E-6
31	7.102703012336972E-5	4.607158710705063E-5	3.839298925587553E-6	3.6089409900522996E-4	7.678597851175106E-6
32	7.294667958616351E-5	4.991088603263819E-5	3.839298925587553E-6	3.666530473936113E-4	7.678597851175106E-6
33	7.678597851175106E-5	4.991088603263819E-5	3.839298925587553E-6	3.820102430959615E-4	7.678597851175106E-6
34	7.870562797454483E-5	4.991088603263819E-5	3.839298925587553E-6	3.896888409471366E-4	7.678597851175106E-6
35	7.870562797454483E-5	4.991088603263819E-5	3.839298925587553E-6	3.992870882611055E-4	9.598247313968882E-6
36	8.254492690013239E-5	4.991088603263819E-5	3.839298925587553E-6	4.146442839634557E-4	9.598247313968882E-6
37	8.254492690013239E-5	4.991088603263819E-5	3.839298925587553E-6	4.242425312774246E-4	9.598247313968882E-6
38	8.446457636292616E-5	5.183053549543196E-5	3.839298925587553E-6	4.472783248309499E-4	9.598247313968882E-6
39	9.022352475130749E-5	5.375018495822574E-5	5.758948388381329E-6	4.6071587107050636E-4	1.1517896776762658E-5
>>END_MODULE
