##FastQC	0.11.8
>>Basic Statistics	pass
#Measure	Value
Filename	IP2.fq.gz
File type	Conventional base calls
Encoding	Illumina 1.5
Total Sequences	51967074
Sequences flagged as poor quality	0
Sequence length	50
%GC	42
>>END_MODULE
>>Per base sequence quality	pass
#Base	Mean	Median	Lower Quartile	Upper Quartile	10th Percentile	90th Percentile
1	34.67186707490978	37.0	36.0	37.0	30.0	37.0
2	35.84170309454021	37.0	36.0	37.0	34.0	38.0
3	35.8574933620469	37.0	36.0	37.0	34.0	38.0
4	35.90649404274714	37.0	36.0	37.0	34.0	38.0
5	35.93296312969247	37.0	36.0	37.0	34.0	38.0
6	35.95014612521767	37.0	36.0	37.0	34.0	38.0
7	35.97235416794873	37.0	36.0	37.0	34.0	38.0
8	35.952648671349095	37.0	36.0	37.0	34.0	38.0
9	35.93601463880764	37.0	36.0	37.0	34.0	38.0
10	35.924766516583176	37.0	36.0	37.0	34.0	38.0
11	35.955696177929894	37.0	36.0	37.0	34.0	38.0
12	35.94260812144243	37.0	36.0	37.0	34.0	38.0
13	35.95685439207141	37.0	36.0	37.0	34.0	38.0
14	35.912724814947246	37.0	36.0	37.0	34.0	38.0
15	35.89944252008493	37.0	36.0	37.0	34.0	38.0
16	35.9069703635806	37.0	36.0	37.0	34.0	38.0
17	35.95709404381705	37.0	36.0	37.0	34.0	38.0
18	35.96661745858541	37.0	36.0	37.0	34.0	38.0
19	35.96878827543764	37.0	36.0	37.0	34.0	38.0
20	35.95575540774145	37.0	36.0	37.0	34.0	38.0
21	35.96180535390543	37.0	36.0	37.0	34.0	38.0
22	35.95225055387956	37.0	36.0	37.0	34.0	38.0
23	35.96314141142524	37.0	36.0	37.0	34.0	38.0
24	35.96585380196699	37.0	36.0	37.0	34.0	38.0
25	35.96714317608107	37.0	36.0	37.0	34.0	38.0
26	35.955703163122095	37.0	36.0	37.0	34.0	38.0
27	35.95535840636323	37.0	36.0	37.0	34.0	38.0
28	35.972356804233385	37.0	36.0	37.0	34.0	38.0
29	35.96836552698734	37.0	36.0	37.0	34.0	38.0
30	35.95326773641325	37.0	36.0	37.0	34.0	38.0
31	35.89632385306127	37.0	36.0	37.0	34.0	38.0
32	35.945367734192615	37.0	36.0	37.0	34.0	38.0
33	35.95261886401378	37.0	36.0	37.0	34.0	38.0
34	35.95674768989303	37.0	36.0	37.0	34.0	38.0
35	35.948551019054875	37.0	36.0	37.0	34.0	38.0
36	35.94842236066629	37.0	36.0	37.0	34.0	38.0
37	35.93583881593949	37.0	36.0	37.0	34.0	38.0
38	35.86587726682476	37.0	36.0	37.0	34.0	38.0
39	35.86758852345622	37.0	36.0	37.0	34.0	38.0
40	35.86921178206031	37.0	36.0	37.0	34.0	38.0
41	35.96373663446974	37.0	36.0	37.0	34.0	38.0
42	35.958266343800695	37.0	36.0	37.0	34.0	38.0
43	35.943958457233904	37.0	36.0	37.0	34.0	38.0
44	35.93760089321173	37.0	36.0	37.0	34.0	38.0
45	35.94753747343943	37.0	36.0	37.0	34.0	38.0
46	35.93475397518051	37.0	36.0	37.0	34.0	38.0
47	35.92894797194085	37.0	36.0	37.0	34.0	38.0
48	35.930592724924246	37.0	36.0	37.0	34.0	38.0
49	35.93484866975577	37.0	36.0	37.0	34.0	38.0
50	35.93953929366891	37.0	36.0	37.0	34.0	38.0
>>END_MODULE
>>Per sequence quality scores	pass
#Quality	Count
22	1.0
23	51.0
24	1245.0
25	13786.0
26	76178.0
27	256714.0
28	552720.0
29	806617.0
30	984452.0
31	1184730.0
32	1481644.0
33	1976324.0
34	2914076.0
35	5089899.0
36	1.8703642E7
37	1.7923432E7
38	1563.0
>>END_MODULE
>>Per base sequence content	fail
#Base	G	A	T	C
1	2.639453980473175	47.58653454396291	45.89615731564698	3.8778541599169345
2	42.41133101470746	23.151205426502855	14.42747193914953	20.009991619640157
3	29.908517193967953	26.84281398170259	21.00962161915228	22.239047205177172
4	26.622008972385284	26.793889184225854	21.59968769414963	24.98441414923923
5	22.339042678624967	29.17918847031851	24.545844180677587	23.93592467037893
6	21.90781015515467	30.189945178143375	25.740477422163316	22.16176724453864
7	21.453579304027564	29.48579655981295	27.732106751165325	21.328517384994164
8	21.989029395643065	28.94234626149202	27.65880806599489	21.40981627687003
9	21.52696562183176	28.858077453367052	28.33702202149914	21.277934903302043
10	21.561497879930986	29.062936328064136	27.999709760189358	21.37585603181552
11	21.713461989869938	29.598956784377496	27.56752866849007	21.120052557262493
12	21.926252374990817	28.88691011339629	27.43922912835352	21.74760838325937
13	21.550814692241413	29.5659882309649	27.738863052965083	21.144334023828602
14	21.98764231488998	29.15882166411278	27.443726162051234	21.409809858945998
15	21.460766438509467	29.649789671212666	28.178017945595744	20.711425944682123
16	21.76129784659591	29.534689297370676	28.234329012181757	20.46968384385166
17	21.317467070520106	29.75691687020755	28.606368302275918	20.31924775699642
18	21.271068427472592	29.835387767057032	28.356100040877834	20.537443764592545
19	21.014384755933797	29.78646055699896	28.32641359298849	20.87274109407875
20	21.440083120374638	29.493023674505082	27.712181501498584	21.354711703621692
21	21.29534343087523	29.578238220508897	27.997361096419638	21.129057252196233
22	21.623725345911563	29.12537061953115	27.999204880632035	21.25169915392526
23	21.471583736600323	29.387161884348224	28.004998708892654	21.1362556701588
24	21.489774930570885	29.211139655063228	28.124521872338637	21.174563542027254
25	21.508575602207408	29.633364975837274	28.079398663240674	20.778660758714647
26	21.437344164358425	29.84538787501171	28.090309061646824	20.626958898983048
27	21.063103807197116	30.290886587827053	28.162914007985414	20.483095596990424
28	20.952989305425625	30.160535516718735	28.345824432252737	20.540650745602907
29	21.120001345469007	29.989670946811657	28.496654483231854	20.393673224487483
30	21.47144262883998	29.839326845220025	28.2973637673669	20.391866758573094
31	21.232301520047393	29.928780511728466	28.26053289640355	20.578385071820595
32	21.515979143486007	29.678695614816615	27.96159750167763	20.84372774001975
33	21.343894517725424	29.756946833111957	27.92559320068832	20.973565448474297
34	21.18659149075375	29.913277656974618	28.107866530682934	20.7922643215887
35	21.5108742086324	29.908759405007025	27.819916485461928	20.76044990089865
36	21.308700872770807	29.80392486670107	28.26123572325061	20.626138537277512
37	21.294098848022905	29.84512742669972	28.267559109255853	20.593214616021523
38	21.21485163296901	30.158300988496283	28.283516304614103	20.343331073920602
39	20.929131210901836	30.265164683087992	28.387860723784414	20.417843382225758
40	20.955129548187152	30.30350406757104	28.208565486506043	20.53280089773576
41	21.011395542655016	30.246168660343013	28.114269473150266	20.628166323851705
42	21.40302595534054	29.576036850929587	28.082835195024657	20.938101998705218
43	21.37402908509337	29.558405605530467	28.300521846917974	20.767043462458187
44	21.639183245756545	29.44120501473956	28.30006085019472	20.61955088930918
45	21.64458168031245	29.586971557206965	28.300314095616642	20.468132666863944
46	21.590976091450006	29.859236096988905	28.234376589950827	20.315411221610262
47	21.63153128959003	30.024954684700266	27.975657857921977	20.367856167787725
48	21.409345356371976	30.18023724167913	28.086437612233468	20.323979789715423
49	21.144873411306786	30.511640242174444	27.888437206971506	20.455049139547263
50	21.275216104500807	30.252594204613132	27.919470722451724	20.552718968434345
>>END_MODULE
>>Per sequence GC content	pass
#GC Content	Count
0	143.0
1	313.0
2	483.0
3	826.0
4	1169.0
5	1767.0
6	2365.0
7	3798.0
8	5231.0
9	8193.0
10	11155.0
11	17717.5
12	24280.0
13	37498.5
14	50717.0
15	75863.0
16	101009.0
17	143317.0
18	185625.0
19	253333.5
20	321042.0
21	417556.5
22	514071.0
23	645301.5
24	776532.0
25	943653.5
26	1110775.0
27	1313740.5
28	1516706.0
29	1761321.0
30	2005936.0
31	2275299.5
32	2544663.0
33	2851432.5
34	3158202.0
35	3433274.5
36	3708347.0
37	3829243.5
38	3950140.0
39	3975861.5
40	4001583.0
41	3936973.5
42	3872364.0
43	3819693.5
44	3767023.0
45	3688451.5
46	3609880.0
47	3480824.5
48	3351769.0
49	3194634.5
50	3037500.0
51	2829102.0
52	2620704.0
53	2386700.0
54	2152696.0
55	1907319.5
56	1661943.0
57	1442525.0
58	1223107.0
59	1045045.5
60	866984.0
61	729703.5
62	592423.0
63	488617.5
64	384812.0
65	317580.5
66	250349.0
67	207308.0
68	164267.0
69	137880.5
70	111494.0
71	96561.5
72	81629.0
73	73341.0
74	65053.0
75	56769.5
76	48486.0
77	42051.0
78	35616.0
79	31098.0
80	26580.0
81	23228.0
82	19876.0
83	16385.0
84	12894.0
85	10676.5
86	8459.0
87	6732.5
88	5006.0
89	4031.0
90	3056.0
91	2341.5
92	1627.0
93	1199.0
94	771.0
95	566.0
96	361.0
97	252.0
98	143.0
99	85.5
100	28.0
>>END_MODULE
>>Per base N content	pass
#Base	N-Count
1	0.003937108331325331
2	0.0029345504424590075
3	7.889611025627496E-5
4	1.3085208530309018E-4
5	1.0198765472152616E-4
6	5.195597504681522E-5
7	3.078872595366828E-5
8	3.656161206998108E-5
9	0.019300682582205804
10	0.01931800124055474
11	0.019300682582205804
12	5.965315653523229E-5
13	5.195597504681522E-5
14	0.11409916979355043
15	0.11410301838429464
16	0.11412226133801569
17	7.11989287678579E-5
18	7.11989287678579E-5
19	9.044188248890057E-5
20	6.157745190733655E-5
21	7.11989287678579E-5
22	6.542604265154509E-5
23	1.058362454657347E-4
24	8.27447010004835E-5
25	1.0198765472152616E-4
26	1.2123060844256886E-4
27	9.813906397731764E-5
28	1.3277638067519444E-4
29	1.250791991867774E-4
30	0.02459634344623675
31	0.025085114470751232
32	0.024727195531539837
33	9.42904732331091E-5
34	1.423978575357158E-4
35	1.423978575357158E-4
36	0.010903057578342779
37	0.010989650870087471
38	0.23994808712916954
39	0.2297031385680864
40	0.22957036218741123
41	5.080139782355266E-4
42	1.5586792514044566E-4
43	2.116724909314694E-4
44	2.0782390018726088E-4
45	1.8473235572200966E-4
46	1.116091315820475E-4
47	1.5009503902413285E-4
48	1.2892778993098592E-4
49	1.36624971419403E-4
50	1.65489402000967E-4
>>END_MODULE
>>Sequence Length Distribution	pass
#Length	Count
50	5.1967074E7
>>END_MODULE
>>Sequence Duplication Levels	pass
#Total Deduplicated Percentage	89.85350768841867
#Duplication Level	Percentage of deduplicated	Percentage of total
1	96.17451565444888	86.41617581786964
2	3.0472728196674197	5.476163034613915
3	0.3384286899057715	0.9122701467128911
4	0.12386949525049751	0.4452043457540448
5	0.06083813653515065	0.27332599844551125
6	0.044680362673869635	0.24088123866227285
7	0.030762593006705957	0.1934888821070624
8	0.019758636964998872	0.14203062707577596
9	0.018809804278489033	0.15211142040193784
>10	0.11786572353926945	2.0276810775468723
>50	0.013377086912355772	0.8370569487986936
>100	0.00872590810150069	1.5401014445385723
>500	6.92120836726934E-4	0.417590172420059
>1k	3.5567556957466E-4	0.6142693299571378
>5k	4.299300775030134E-5	0.2691962792805014
>10k+	4.299300775030134E-6	0.04245323581503878
>>END_MODULE
>>Overrepresented sequences	pass
>>END_MODULE
>>Adapter Content	pass
#Position	Illumina Universal Adapter	Illumina Small RNA 3' Adapter	Illumina Small RNA 5' Adapter	Nextera Transposase Sequence	SOLID Small RNA Adapter
1	7.69718148841707E-6	3.848590744208535E-6	0.0	0.0	0.0
2	7.69718148841707E-6	5.772886116312802E-6	0.0	7.69718148841707E-6	1.9242953721042673E-6
3	1.3470067604729872E-5	5.772886116312802E-6	0.0	1.9242953721042675E-5	1.9242953721042673E-6
4	1.539436297683414E-5	5.772886116312802E-6	0.0	2.5015839837355476E-5	3.848590744208535E-6
5	1.539436297683414E-5	5.772886116312802E-6	0.0	3.078872595366828E-5	3.848590744208535E-6
6	1.7318658348938407E-5	5.772886116312802E-6	0.0	3.656161206998108E-5	3.848590744208535E-6
7	1.7318658348938407E-5	7.69718148841707E-6	0.0	4.8107384302606684E-5	7.69718148841707E-6
8	2.3091544465251208E-5	7.69718148841707E-6	0.0	5.388027041891949E-5	7.69718148841707E-6
9	2.5015839837355476E-5	9.621476860521337E-6	0.0	6.735033802364937E-5	7.69718148841707E-6
10	2.8864430581564012E-5	1.539436297683414E-5	0.0	7.119892876785789E-5	7.69718148841707E-6
11	3.078872595366828E-5	1.539436297683414E-5	0.0	8.85175871167963E-5	7.69718148841707E-6
12	3.078872595366828E-5	1.539436297683414E-5	0.0	1.000633593494219E-4	7.69718148841707E-6
13	3.2713021325772545E-5	1.9242953721042675E-5	0.0	1.1160913158204751E-4	9.621476860521337E-6
14	3.656161206998108E-5	1.9242953721042675E-5	0.0	1.2123060844256885E-4	9.621476860521337E-6
15	3.656161206998108E-5	2.3091544465251208E-5	0.0	1.3277638067519444E-4	9.621476860521337E-6
16	3.656161206998108E-5	2.6940135209459744E-5	0.0	1.4624644827992433E-4	9.621476860521337E-6
17	3.656161206998108E-5	2.8864430581564012E-5	0.0	1.481707436520286E-4	1.1545772232625604E-5
18	4.041020281418962E-5	2.8864430581564012E-5	0.0	1.5971651588465418E-4	1.1545772232625604E-5
19	4.425879355839815E-5	2.8864430581564012E-5	0.0	1.7511087886148833E-4	1.1545772232625604E-5
20	4.425879355839815E-5	3.2713021325772545E-5	0.0	1.828080603499054E-4	1.1545772232625604E-5
21	4.8107384302606684E-5	3.463731669787681E-5	0.0	2.0205101407094807E-4	1.1545772232625604E-5
22	4.8107384302606684E-5	3.463731669787681E-5	0.0	2.0782390018726088E-4	1.1545772232625604E-5
23	4.8107384302606684E-5	3.463731669787681E-5	0.0	2.3283974002461636E-4	1.1545772232625604E-5
24	4.8107384302606684E-5	3.848590744208535E-5	1.9242953721042673E-6	2.5208269374565905E-4	1.1545772232625604E-5
25	4.8107384302606684E-5	3.848590744208535E-5	1.9242953721042673E-6	2.6940135209459746E-4	1.1545772232625604E-5
26	5.195597504681522E-5	4.041020281418962E-5	1.9242953721042673E-6	2.8094712432722303E-4	1.1545772232625604E-5
27	5.388027041891949E-5	4.041020281418962E-5	1.9242953721042673E-6	2.963414873040572E-4	1.1545772232625604E-5
28	5.5804565791023756E-5	4.041020281418962E-5	1.9242953721042673E-6	3.0981155490878706E-4	1.1545772232625604E-5
29	5.965315653523229E-5	4.2334498186293886E-5	1.9242953721042673E-6	3.2713021325772546E-4	1.3470067604729872E-5
30	5.965315653523229E-5	4.2334498186293886E-5	1.9242953721042673E-6	3.425245762345596E-4	1.3470067604729872E-5
31	5.965315653523229E-5	4.2334498186293886E-5	1.9242953721042673E-6	3.540703484671852E-4	1.3470067604729872E-5
32	5.965315653523229E-5	4.2334498186293886E-5	1.9242953721042673E-6	3.5791893921139375E-4	1.3470067604729872E-5
33	5.965315653523229E-5	4.2334498186293886E-5	1.9242953721042673E-6	3.7523759756033216E-4	1.3470067604729872E-5
34	5.965315653523229E-5	4.2334498186293886E-5	1.9242953721042673E-6	3.790861883045407E-4	1.3470067604729872E-5
35	5.965315653523229E-5	4.425879355839815E-5	1.9242953721042673E-6	3.9255625590927057E-4	1.3470067604729872E-5
36	6.157745190733655E-5	4.8107384302606684E-5	1.9242953721042673E-6	3.964048466534791E-4	1.3470067604729872E-5
37	6.350174727944083E-5	4.8107384302606684E-5	1.9242953721042673E-6	4.137235050024175E-4	1.3470067604729872E-5
38	6.350174727944083E-5	5.195597504681522E-5	1.9242953721042673E-6	4.252692772350431E-4	1.3470067604729872E-5
39	6.735033802364937E-5	5.7728861163128024E-5	3.848590744208535E-6	4.3873934483977295E-4	1.539436297683414E-5
>>END_MODULE
