##FastQC	0.11.8
>>Basic Statistics	pass
#Measure	Value
Filename	IP1.fq.gz
File type	Conventional base calls
Encoding	Illumina 1.5
Total Sequences	47508491
Sequences flagged as poor quality	0
Sequence length	50
%GC	42
>>END_MODULE
>>Per base sequence quality	pass
#Base	Mean	Median	Lower Quartile	Upper Quartile	10th Percentile	90th Percentile
1	34.46576269913519	37.0	36.0	37.0	29.0	37.0
2	35.74576106826883	37.0	36.0	37.0	34.0	38.0
3	35.77002357325978	37.0	36.0	37.0	34.0	38.0
4	35.817118628331094	37.0	36.0	37.0	34.0	38.0
5	35.83902475454335	37.0	36.0	37.0	34.0	38.0
6	35.85266061176306	37.0	36.0	37.0	34.0	38.0
7	35.87391594904582	37.0	36.0	37.0	34.0	38.0
8	35.8504947041993	37.0	36.0	37.0	34.0	38.0
9	35.8341707380266	37.0	36.0	37.0	34.0	38.0
10	35.82654279631824	37.0	36.0	37.0	34.0	38.0
11	35.857057194260285	37.0	36.0	37.0	34.0	38.0
12	35.84163338296727	37.0	36.0	37.0	34.0	38.0
13	35.85924848675998	37.0	36.0	37.0	34.0	38.0
14	35.81695985671277	37.0	36.0	37.0	34.0	38.0
15	35.80414191644184	37.0	36.0	37.0	34.0	38.0
16	35.81110023048301	37.0	36.0	37.0	34.0	38.0
17	35.855233457109804	37.0	36.0	37.0	34.0	38.0
18	35.867065005285056	37.0	36.0	37.0	34.0	38.0
19	35.86977999364366	37.0	36.0	37.0	34.0	38.0
20	35.856277417861996	37.0	36.0	37.0	34.0	38.0
21	35.863203569231445	37.0	36.0	37.0	34.0	38.0
22	35.85527900686216	37.0	36.0	37.0	34.0	38.0
23	35.86412938268235	37.0	36.0	37.0	34.0	38.0
24	35.868654468524376	37.0	36.0	37.0	34.0	38.0
25	35.87098335748024	37.0	36.0	37.0	34.0	38.0
26	35.85741249916778	37.0	36.0	37.0	34.0	38.0
27	35.856208482816264	37.0	36.0	37.0	34.0	38.0
28	35.87465293309358	37.0	36.0	37.0	34.0	38.0
29	35.86986602037097	37.0	36.0	37.0	34.0	38.0
30	35.85253021402006	37.0	36.0	37.0	34.0	38.0
31	35.803730305809964	37.0	36.0	37.0	34.0	38.0
32	35.847719537124426	37.0	36.0	37.0	34.0	38.0
33	35.85375976264959	37.0	36.0	37.0	34.0	38.0
34	35.85850156764609	37.0	36.0	37.0	34.0	38.0
35	35.8487440697706	37.0	36.0	37.0	34.0	38.0
36	35.84618595863211	37.0	36.0	37.0	34.0	38.0
37	35.833024227184985	37.0	36.0	37.0	34.0	38.0
38	35.769187238550685	37.0	36.0	37.0	34.0	38.0
39	35.77355961484864	37.0	36.0	37.0	34.0	38.0
40	35.774001598998375	37.0	36.0	37.0	34.0	38.0
41	35.864392640886024	37.0	36.0	37.0	34.0	38.0
42	35.85812529806514	37.0	36.0	37.0	34.0	38.0
43	35.84590047282285	37.0	36.0	37.0	34.0	38.0
44	35.836081554347835	37.0	36.0	37.0	34.0	38.0
45	35.84659317005038	37.0	36.0	37.0	34.0	38.0
46	35.8338026354068	37.0	36.0	37.0	34.0	38.0
47	35.82613808971537	37.0	36.0	37.0	34.0	38.0
48	35.82761052124346	37.0	36.0	37.0	34.0	38.0
49	35.83272478597563	37.0	36.0	37.0	34.0	38.0
50	35.83788283235517	37.0	36.0	37.0	34.0	38.0
>>END_MODULE
>>Per sequence quality scores	pass
#Quality	Count
22	4.0
23	66.0
24	1496.0
25	15995.0
26	84902.0
27	273938.0
28	569066.0
29	816715.0
30	987304.0
31	1178577.0
32	1463847.0
33	1940236.0
34	2826842.0
35	4837140.0
36	1.6851382E7
37	1.565973E7
38	1251.0
>>END_MODULE
>>Per base sequence content	fail
#Base	G	A	T	C
1	2.888657955200937	47.41360806588331	45.41422115882987	4.28351282008589
2	42.47348396273381	22.94681565378952	14.305395816587186	20.27430456688948
3	29.539467046888095	26.775580187754784	21.164827559017546	22.52012520633958
4	26.50618191235839	26.84576579848826	21.657752671220216	24.990299617933136
5	22.312000207121134	29.120442414114716	24.68321937811879	23.884338000645357
6	21.847402343107433	30.080622080506142	25.98815844314345	22.083817133242974
7	21.358931518572096	29.237143219424105	28.120664457488758	21.283260804515034
8	21.847277571423902	28.71470228968042	28.023526502561737	21.41449363633394
9	21.2805512389082	28.533447902496746	28.82632051936075	21.35968033923431
10	21.471635299663554	28.764130898481188	28.339742899877713	21.424490901977546
11	21.622348379475586	29.349229860226945	27.84305706646394	21.18536469383353
12	21.84655283573645	28.678641934796044	27.601198270539967	21.873606958927535
13	21.50854078284614	29.43664968183461	27.89601904014289	21.158790495176365
14	22.02231072940524	28.904783764056297	27.606895508847483	21.466009997690975
15	21.3621933489374	29.470310909930287	28.477406315287705	20.690089425844608
16	21.6832949352303	29.270140083510977	28.567832577556572	20.478732403702146
17	21.20488537060973	29.47045023756088	29.022906723567697	20.30175766826169
18	21.15535369952211	29.55407066873813	28.756429356657353	20.534146275082406
19	20.844001785450647	29.488435889747116	28.663574276696103	21.003988048106134
20	21.26306798721171	29.280921395395985	27.943008218493446	21.513002398898855
21	21.13315473918826	29.340513499668468	28.320844646142305	21.205487115000963
22	21.577464474481438	28.880314040942817	28.2404047868953	21.301816697680444
23	21.375976578821106	29.14312682117587	28.243771098087088	21.237125501915934
24	21.381550164397087	28.954258553400347	28.342904087894265	21.321287194308297
25	21.323771412088345	29.402920457676956	28.391820199373402	20.8814879308613
26	21.236625822903836	29.656437655484226	28.390416211756243	20.7165203098557
27	20.85153316623744	30.092798861945585	28.497126900522474	20.5585410712945
28	20.760864209190906	29.89045043796524	28.74278094227909	20.605904410564765
29	20.930777088159843	29.71278235408822	28.899196252151615	20.45724430560032
30	21.320753159725566	29.579639772083382	28.60429620940732	20.49531085878373
31	21.048163747658993	29.70750717142717	28.542902307836986	20.701426773076847
32	21.38140471232833	29.45022976529947	28.190477333448715	20.977888188923494
33	21.24818484899232	29.533189931457237	28.122760661241607	21.095864558308836
34	21.129913718038722	29.636866085054724	28.36803426693338	20.865185929973176
35	21.381846635334824	29.695253854647724	28.097853039840697	20.82504647017675
36	21.179836445949878	29.55755212241156	28.559555706682605	20.703055724955956
37	21.074040728077183	29.56140588915443	28.628552971154637	20.736000411613748
38	21.013013711477026	29.835045076367585	28.696547075365032	20.45539413679036
39	20.699383221029972	29.99326854882907	28.77628082154503	20.53106740859592
40	20.792411069088065	30.041446986863736	28.563318717323583	20.602823226724617
41	20.891919997393295	29.99225692412341	28.417431565362584	20.698391513120708
42	21.30861848576142	29.349764142722407	28.319188323612384	21.022429047903792
43	21.25409611773918	29.386365358547117	28.5172664202541	20.8422721034596
44	21.544310357808975	29.193167540544827	28.546510539970676	20.716011561675522
45	21.525075594022493	29.371875525301995	28.5423082990022	20.560740581673308
46	21.40947631357319	29.598965117987213	28.593258991549934	20.39829957688966
47	21.39397546026888	29.797848912106666	28.392832884002512	20.41534274362194
48	21.16188788589947	29.93173084132325	28.508117992216203	20.39826328056108
49	20.908337894627742	30.241508225358842	28.296799196370227	20.553354683643185
50	21.079718295883872	29.982100649970977	28.30897439273355	20.6292066614116
>>END_MODULE
>>Per sequence GC content	pass
#GC Content	Count
0	142.0
1	299.5
2	457.0
3	745.0
4	1033.0
5	1618.0
6	2203.0
7	3562.5
8	4922.0
9	7560.5
10	10199.0
11	16158.0
12	22117.0
13	33804.0
14	45491.0
15	67566.5
16	89642.0
17	127389.0
18	165136.0
19	225054.5
20	284973.0
21	371073.0
22	457173.0
23	576000.5
24	694828.0
25	845621.5
26	996415.0
27	1182391.0
28	1368367.0
29	1593558.5
30	1818750.0
31	2072525.5
32	2326301.0
33	2616797.0
34	2907293.0
35	3169803.5
36	3432314.0
37	3539092.5
38	3645871.0
39	3666645.5
40	3687420.0
41	3625042.5
42	3562665.0
43	3514546.0
44	3466427.0
45	3393937.5
46	3321448.0
47	3201958.0
48	3082468.0
49	2936712.0
50	2790956.0
51	2597054.0
52	2403152.0
53	2186863.0
54	1970574.0
55	1743583.0
56	1516592.0
57	1315004.0
58	1113416.0
59	947802.0
60	782188.0
61	654725.0
62	527262.0
63	432298.0
64	337334.0
65	275964.0
66	214594.0
67	175369.5
68	136145.0
69	112785.5
70	89426.0
71	76362.0
72	63298.0
73	56039.5
74	48781.0
75	42382.5
76	35984.0
77	31221.0
78	26458.0
79	23056.0
80	19654.0
81	17033.5
82	14413.0
83	12050.5
84	9688.0
85	7907.5
86	6127.0
87	5029.0
88	3931.0
89	3114.5
90	2298.0
91	1778.0
92	1258.0
93	896.0
94	534.0
95	390.5
96	247.0
97	174.0
98	101.0
99	63.0
100	25.0
>>END_MODULE
>>Per base N content	pass
#Base	N-Count
1	0.003847733239938099
2	0.0027321431867831794
3	7.156615435333443E-5
4	1.1155900531549191E-4
5	1.2839810045745296E-4
6	8.840524949529548E-5
7	3.999285096215748E-5
8	5.683194610411853E-5
9	0.016070811426109072
10	0.01603713323582515
11	0.01606660165232358
12	4.420262474764774E-5
13	5.051728542588313E-5
14	0.09878655165031446
15	0.09878655165031446
16	0.09881391517992015
17	7.998570192431496E-5
18	9.261502328078575E-5
19	7.788081503156983E-5
20	5.683194610411853E-5
21	5.893683299686365E-5
22	7.57759281388247E-5
23	7.788081503156983E-5
24	9.682479706627601E-5
25	9.892968395902113E-5
26	1.1366389220823706E-4
27	8.840524949529548E-5
28	8.419547570980522E-5
29	1.241883266719627E-4
30	0.02784133893033984
31	0.02823074300549769
32	0.0279655272570118
33	9.892968395902113E-5
34	1.4102742181392375E-4
35	1.3471276113568838E-4
36	0.01603713323582515
37	0.016098174955714757
38	0.23465700057701266
39	0.2192260747662981
40	0.2190766277969132
41	5.030679673660862E-4
42	2.0838380238176793E-4
43	1.9154470723980687E-4
44	3.1994280769725986E-4
45	2.210131237382387E-4
46	1.6839095141961045E-4
47	1.368176480284335E-4
48	1.45237195599414E-4
49	9.892968395902113E-5
50	1.305029873501981E-4
>>END_MODULE
>>Sequence Length Distribution	pass
#Length	Count
50	4.7508491E7
>>END_MODULE
>>Sequence Duplication Levels	pass
#Total Deduplicated Percentage	90.05417837475943
#Duplication Level	Percentage of deduplicated	Percentage of total
1	96.21039115278434	86.64147726378218
2	3.0358902723366357	5.467892082224007
3	0.3158695126446431	0.8533610830454704
4	0.12242090931090703	0.44098057615538677
5	0.0681455917949542	0.3068397639478174
6	0.043461864264106274	0.23483534861636454
7	0.029897290220655674	0.1884663134517014
8	0.02260450345547115	0.16285039890014918
9	0.01851996773218151	0.15010204298837965
>10	0.11059994769443285	1.9216243016578292
>50	0.012952236387110877	0.8096894003461013
>100	0.008188406375070869	1.4290598835382398
>500	6.488304591931672E-4	0.3896759661640419
>1k	3.5319579660831837E-4	0.6309983323188596
>5k	4.9278900764196805E-5	0.2936134901574111
>10k+	7.039842966313829E-6	0.07853375270596778
>>END_MODULE
>>Overrepresented sequences	pass
>>END_MODULE
>>Adapter Content	pass
#Position	Illumina Universal Adapter	Illumina Small RNA 3' Adapter	Illumina Small RNA 5' Adapter	Nextera Transposase Sequence	SOLID Small RNA Adapter
1	3.157330339117696E-5	8.419547570980522E-6	0.0	0.0	0.0
2	3.367819028392209E-5	1.2629321356470784E-5	0.0	4.209773785490261E-6	0.0
3	3.999285096215748E-5	1.2629321356470784E-5	0.0	1.2629321356470784E-5	0.0
4	4.420262474764774E-5	1.2629321356470784E-5	0.0	2.7363529605686697E-5	0.0
5	4.420262474764774E-5	1.4734208249215915E-5	0.0	3.999285096215748E-5	0.0
6	4.630751164039287E-5	1.4734208249215915E-5	0.0	4.8412398533138006E-5	2.1048868927451305E-6
7	4.8412398533138006E-5	1.4734208249215915E-5	0.0	5.893683299686366E-5	2.1048868927451305E-6
8	5.0517285425883135E-5	2.1048868927451306E-5	0.0	6.735638056784418E-5	2.1048868927451305E-6
9	5.2622172318628264E-5	2.5258642712941568E-5	0.0	8.209058881706009E-5	2.1048868927451305E-6
10	9.471991017353088E-5	2.5258642712941568E-5	0.0	8.840524949529548E-5	2.1048868927451305E-6
11	9.682479706627601E-5	2.5258642712941568E-5	0.0	9.471991017353088E-5	2.1048868927451305E-6
12	9.892968395902113E-5	2.7363529605686697E-5	0.0	9.682479706627601E-5	2.1048868927451305E-6
13	1.0103457085176627E-4	2.7363529605686697E-5	0.0	9.892968395902113E-5	2.1048868927451305E-6
14	1.0524434463725653E-4	2.946841649843183E-5	0.0	1.0103457085176627E-4	4.209773785490261E-6
15	1.0945411842274679E-4	2.946841649843183E-5	2.1048868927451305E-6	1.0945411842274679E-4	6.314660678235392E-6
16	1.1155900531549192E-4	3.367819028392209E-5	2.1048868927451305E-6	1.1787366599372732E-4	6.314660678235392E-6
17	1.1366389220823705E-4	3.367819028392209E-5	2.1048868927451305E-6	1.2839810045745296E-4	6.314660678235392E-6
18	1.1576877910098218E-4	3.999285096215748E-5	2.1048868927451305E-6	1.4313230870666887E-4	6.314660678235392E-6
19	1.1576877910098218E-4	4.209773785490261E-5	2.1048868927451305E-6	1.5576163006313966E-4	6.314660678235392E-6
20	1.1576877910098218E-4	4.420262474764774E-5	2.1048868927451305E-6	1.6418117763412017E-4	6.314660678235392E-6
21	1.1787366599372732E-4	4.420262474764774E-5	4.209773785490261E-6	1.8312515966882636E-4	6.314660678235392E-6
22	1.1787366599372732E-4	4.420262474764774E-5	4.209773785490261E-6	1.9575448102529715E-4	6.314660678235392E-6
23	1.1997855288647244E-4	4.420262474764774E-5	4.209773785490261E-6	2.0627891548902279E-4	6.314660678235392E-6
24	1.241883266719627E-4	4.420262474764774E-5	4.209773785490261E-6	2.1680334995274845E-4	6.314660678235392E-6
25	1.241883266719627E-4	4.630751164039287E-5	4.209773785490261E-6	2.3574733198745464E-4	6.314660678235392E-6
26	1.241883266719627E-4	4.630751164039287E-5	4.209773785490261E-6	2.441668795584351E-4	8.419547570980522E-6
27	1.241883266719627E-4	4.8412398533138006E-5	4.209773785490261E-6	2.546913140221608E-4	8.419547570980522E-6
28	1.2629321356470783E-4	5.0517285425883135E-5	4.209773785490261E-6	2.715304091641218E-4	8.419547570980522E-6
29	1.305029873501981E-4	5.2622172318628264E-5	4.209773785490261E-6	2.8626461741333774E-4	8.419547570980522E-6
30	1.3260787424294323E-4	5.2622172318628264E-5	4.209773785490261E-6	2.967890518770634E-4	8.419547570980522E-6
31	1.3260787424294323E-4	5.4727059211373394E-5	4.209773785490261E-6	3.094183732335342E-4	8.419547570980522E-6
32	1.3260787424294323E-4	5.4727059211373394E-5	4.209773785490261E-6	3.262574683754952E-4	8.419547570980522E-6
33	1.3681764802843347E-4	5.893683299686366E-5	4.209773785490261E-6	3.3046724216098547E-4	8.419547570980522E-6
34	1.4313230870666887E-4	6.104171988960878E-5	4.209773785490261E-6	3.367819028392209E-4	8.419547570980522E-6
35	1.4523719559941402E-4	6.314660678235392E-5	4.209773785490261E-6	3.515161110884368E-4	8.419547570980522E-6
36	1.4523719559941402E-4	6.314660678235392E-5	4.209773785490261E-6	3.6204054555216247E-4	8.419547570980522E-6
37	1.4523719559941402E-4	7.156615435333443E-5	4.209773785490261E-6	3.8519430137235887E-4	8.419547570980522E-6
38	1.4734208249215914E-4	7.156615435333443E-5	4.209773785490261E-6	3.936138489433394E-4	8.419547570980522E-6
39	1.4944696938490426E-4	7.57759281388247E-5	6.314660678235392E-6	4.146627178707907E-4	1.0524434463725653E-5
>>END_MODULE
